k =  1 
	theta =  [0 0 0 0 0 0 0]
	nabla_norm =  4043.297274997574 

k =  2 
	theta =  [ 1.29729102e+00 -7.20135362e-01  2.03094224e+00 -2.47886747e-02
 -2.01165383e-01 -7.71336514e-02  1.61359036e-03]
	nabla_norm =  851.9838354569285 

k =  3 
	theta =  [ 2.24795287e+00 -1.07328272e+00  2.59294853e+00 -3.90996306e-02
 -3.45601865e-01 -1.03378863e-01  2.50249418e-03]
	nabla_norm =  153.6420958940281 

k =  4 
	theta =  [ 2.52222201 -1.17135233  2.74707544 -0.04320928 -0.39757009 -0.10654932
  0.00276689]
	nabla_norm =  8.46634411645958 

k =  5 
	theta =  [ 2.5398976  -1.17763361  2.75724004 -0.04347261 -0.40180868 -0.10650616
  0.00278559]
	nabla_norm =  0.03091722885180926 

k =  6 
	theta =  [ 2.53996931 -1.17765865  2.75728235 -0.04347367 -0.40183102 -0.10650523
  0.00278568]
	nabla_norm =  4.425564116334014e-07 

k =  7 
	theta =  [ 2.53996931 -1.17765865  2.75728236 -0.04347367 -0.40183102 -0.10650523
  0.00278568]
	nabla_norm =  9.434469596878176e-13 

l(theta) =  -390.465964754707
mean =  [ 2.53996931 -1.17765865  2.75728236 -0.04347367 -0.40183102 -0.10650523
  0.00278568]
sigma =  [[ 2.85882819e-04 -7.25571210e-05  9.56069677e-06 -3.32103305e-06
  -1.04593654e-05  2.59710472e-06 -5.96893717e-07]
 [-7.25571210e-05  2.40576874e-05 -7.81199155e-06  5.75795416e-07
   5.18198617e-07 -1.87877997e-06  1.92163542e-07]
 [ 9.56069677e-06 -7.81199155e-06  4.52837206e-05 -2.00732961e-07
  -4.26792360e-06 -5.28298601e-06 -5.21377294e-09]
 [-3.32103305e-06  5.75795416e-07 -2.00732961e-07  6.72376664e-08
   2.41735298e-07  3.96443409e-08  7.11842803e-10]
 [-1.04593654e-05  5.18198617e-07 -4.26792360e-06  2.41735298e-07
   1.38186358e-05 -3.77743192e-06 -3.89866365e-08]
 [ 2.59710472e-06 -1.87877997e-06 -5.28298601e-06  3.96443409e-08
  -3.77743192e-06  1.58547228e-05 -6.77235360e-08]
 [-5.96893717e-07  1.92163542e-07 -5.21377294e-09  7.11842803e-10
  -3.89866365e-08 -6.77235360e-08  6.43668174e-09]]
omega =  -2.2487468892027604
tau =  0.024518795784839398
(-2.2732656849876, -2.224228093417921)
0 22566.7429361543
1 57648.09660575663
2 167888.28032172789
3 28108.648319770873
4 11684.812685098299
5 715.4564835629184
6 1205.5893718262441
alpha = 0.05 , 3.841458820694124
omega =  0.5085354659355167
y_ =  0.6244630907922954
